PulseGreen:17,1,0,127,-16711936,-16777216:17,1,0,127,-16711936,-16777216:17,1,0,127,-16711936,-16777216:17,1,0,127,-16711936,-16777216:17,1,0,127,-16711936,-16777216
PULSE1:17,1,0,127,-16777216,-16777216:17,1,46,127,-65536,-16777216:17,1,0,127,-16777216,-16777216:17,1,0,127,-16777216,-16777216:17,1,0,127,-16777216,-16777216
PULSE2:17,1,0,127,-16777216,-16777216:0,1,46,127,-65536,-16777216:17,1,56,127,-1,-16777216:17,1,0,127,-16777216,-16777216:17,1,0,127,-16777216,-16777216
pulse3:17,1,0,127,-16777216,-16777216:0,1,46,127,-65536,-16777216:0,1,56,127,-1,-16777216:17,1,50,127,-1,-16777216:17,1,0,127,-16777216,-16777216
PULSE4:17,1,0,127,-16777216,-16777216:0,1,46,127,-65536,-16777216:0,1,56,127,-1,-16777216:0,1,50,127,-1,-16777216:17,1,89,127,-16776961,-16777216
Pulseblue:17,1,147,127,-16776961,-16777216:17,1,147,127,-16776961,-16777216:17,1,147,127,-16776961,-16777216:17,1,147,127,-16776961,-16777216:17,1,147,127,-16776961,-16777216
EdgeRainbows:17,1,0,127,-16711936,-16777216:4,0,119,127,-65536,-16777216:17,1,0,127,-16711936,-16777216:17,1,0,127,-16711936,-16777216:4,0,140,127,-16711936,-16777216
BPMBounceBoy:17,0,0,127,-16777216,-16777216:17,0,121,127,-65536,-16777216:17,0,115,127,-16711936,-16777216:17,0,90,127,-16776961,-16777216:17,0,99,127,-16711681,-16777216
oceanwaves:7,10,134,127,-16727040,-16776982:7,10,134,127,-16727040,-16776982:7,10,134,127,-16727040,-16776982:7,10,134,127,-16727040,-16776982:7,10,134,127,-16727040,-16776982
Slowrainbow:4,0,130,127,-16711936,-16777216:4,0,130,127,-16711936,-16777216:4,0,130,127,-16711936,-16777216:4,0,130,127,-16711936,-16777216:4,0,130,127,-16711936,-16777216
fastrainbow:4,0,159,127,-16711936,-16777216:4,0,159,127,-16711936,-16777216:4,0,159,127,-16711936,-16777216:4,0,159,127,-16711936,-16777216:4,0,159,127,-16711936,-16777216
sparklez:2,0,149,127,-1,-1:2,0,149,127,-1,-1:2,0,149,127,-1,-1:2,0,149,127,-1,-1:2,0,149,127,-1,-1
solidblue:6,0,0,127,-16776961,-16777216:6,0,0,127,-16776961,-16777216:6,0,0,127,-16776961,-16777216:6,0,0,127,-16776961,-16777216:6,0,0,127,-16776961,-16777216
Bluetocenter:7,5,122,127,-16776961,-16777216:7,5,132,127,-16776961,-16777216:7,5,132,127,-16776961,-16777216:7,5,122,127,-16776961,-16777216:7,5,122,127,-16776961,-16777216
easterpassover:3,0,0,127,-16777216,-16777216:3,0,0,127,-16777216,-16777216:3,0,0,127,-16777216,-16777216:3,0,0,127,-16777216,-16777216:3,0,0,127,-16777216,-16777216
slowbluegreenfade:8,0,143,127,-16776961,-16711936:8,0,143,127,-16776961,-16711936:8,0,143,127,-16776961,-16711936:8,0,143,127,-16776961,-16711936:8,0,143,127,-16776961,-16711936
purplespraypaint:11,0,135,127,-16776961,-9830293:11,0,135,127,-16776961,-9830293:11,0,135,127,-16776961,-9830293:11,0,135,127,-16776961,-9830293:11,0,135,127,-16776961,-9830293
lightning:14,0,0,127,-256,-16777216:14,0,0,127,-256,-16777216:14,0,0,127,-256,-16777216:14,0,0,127,-256,-16777216:14,0,0,127,-256,-16777216
